repeat wait() until game:IsLoaded()
repeat wait() until game:GetService("Players")
repeat wait() until game:GetService("Players").LocalPlayer
repeat wait() until game:GetService("Players").LocalPlayer.PlayerGui
repeat wait() until game:GetService("ReplicatedStorage").Effect.Container

_G.Main = {
    ["Start"] = true;
    ["Skip Level Farm"] = true;
    ["Bypass TP"] = true;
    ["Rejoin"] = true;
    ["Bring Fruit"] = true;
	["Auto Factory"] = true;
    ["Store Fruit"] = true;
	--["Eat Fruit Can Awake"] = true,
    ["Delay"] = 0.175;
    ["Random Fruit"] = true,
    ["Use Code"] = true,
    ["Fast Tween"] = true,
	["Check AFK"] = true,
	["AFK Time AMount"] = 600,
	["Lock Fruit"] = 1000000
}

_G.Race = {
	["Auto Evo V3"] = true
}

_G.Melee = {
    ["Super Human"] = true,
    ["Sharkman Karate"] = true,
    ["Death Step"] = true,
    ["Dragon Talon"] = true,
    ["Electric Claw"] = true,
    ["God Human"] = true
}

_G.Ram = {
    ["LimitLevel"] = 2450,
    ["Legendary Fruit"] = false,
    ["Inventory Log Des/Sheet"] = {"Valkyrie Helm","Mirror Fractal","Tushita","Yama","Dark Dagger","Hallow Scythe","Cursed Dual Katana"},
	["Enable"] = false,
	["Log Mode"] = "Normal"
}

_G.Mat = {
	["Dark Fragment"] = true,
	["Mirror Factal"] = true
}

_G.Fruit = {
	["Select Fruit"] = {"Ice-Ice","Flame-Flame","Dark-Dark"},  --[["Bomb-Bomb","Spike-Spike","Chop-Chop","Spring-Spring","Kilo-Kilo","Spin-Spin","Bird: Falcon","Smoke-Smoke","Flame-Flame","Ice-Ice","Sand-Sand","Dark-Dark","Revive-Revive","Diamond-Diamond","Light-Light","Love-Love","Rubber-Rubber","Barrier-Barrier","Magma-Magma","Door-Door","Quake-Quake","Human-Human: Buddha","String-String","Bird-Bird: Phoenix","Rumble-Rumble","Paw-Paw","Gravity-Gravity","Dough-Dough","Venom-Venom","Shadow-Shadow","Control-Control","Soul-Soul","Dragon-Dragon"]]
	["Buy Fruit"] = true
}

_G.HUD = {
    ["Black Screen"] = false,
	["Team"] = "Pirates",
    ["Boos FPS"] = false,
    ["Lock FPS"] = true,
    ["FPS AMount"] = 160,
    ["Close Ui"] = true
}

_G.Sword = {
    ['Saber'] = true,
    ['Pole v1'] = true,
    ['Midnight Blade'] = true,
    ['Shisui'] = true,
    ['Saddi'] = true,
    ['Wando'] = true,
    ['Yama'] = true,
    ['Koko'] = false,
    ['Rengoku'] = true,
    ['Canvander'] = true,
    ['Buddy Sword'] = true,
    ['Twin Hooks'] = true,
    ['SpikeyTrident'] = true,
    ['Hallow Scryte'] = true,
    ['Dark Dagger'] = true,
    ['Tushita'] = true,
    ['True Triple Katana'] = true,
    ['Cursed Dual Katana'] = true
}

_G.Gun = {
    ['Kabucha'] = true,
    ['Acidum Rifle'] = true,
    ['Soul Guitar'] = true,
    ['Serpent Bow'] = true
}

_G.Mastery = {
	["Melee"] = true,
	["Fruit"] = true,
	["Sword"] = true,
	["Setting Rarity"] = {"Mytical","Legendary"} -- "All","Mytical","Legendary","Rare","Uncommon","Common"
}
 
_G.WebHook = {
	["Link"] = "",-- link Here
	["DeLay Send"] = 600, -- 10m
	["Enable"] = false,
	["Ping Everyone"] = true
}




join = game.Players.localPlayer.Neutral == false
if (_G.HUD["Team"] == "Pirates" or _G.HUD["Team"] == "Marines" or _G.HUD["Team"] ~= "") and not join then
	repeat wait()
		pcall(function()
			join = game.Players.localPlayer.Neutral == false
			if _G.HUD["Team"] == "Pirates" then
				for i,v in pairs({"MouseButton1Click", "MouseButton1Down", "Activated"}) do
					for i,v in pairs(getconnections(game:GetService("Players").LocalPlayer.PlayerGui.Main.ChooseTeam.Container.Pirates.Frame.ViewportFrame.TextButton[v])) do
						v.Function()
					end
				end
			elseif _G.HUD["Team"] == "Marines" then
				for i,v in pairs({"MouseButton1Click", "MouseButton1Down", "Activated"}) do
					for i,v in pairs(getconnections(game:GetService("Players").LocalPlayer.PlayerGui.Main.ChooseTeam.Container.Marines.Frame.ViewportFrame.TextButton[v])) do
						v.Function()
					end
				end
			else
				for i,v in pairs({"MouseButton1Click", "MouseButton1Down", "Activated"}) do
					for i,v in pairs(getconnections(game:GetService("Players").LocalPlayer.PlayerGui.Main.ChooseTeam.Container.Pirates.Frame.ViewportFrame.TextButton[v])) do
						v.Function()
					end
				end
			end
		end)
	until join == true and game.Players.LocalPlayer.Team ~= nil and game:IsLoaded() 
end


game:GetService("Players").LocalPlayer.Idled:connect(function()
	game:GetService("VirtualUser"):Button2Down(Vector2.new(0,0),workspace.CurrentCamera.CFrame)
	wait(1)
	game:GetService("VirtualUser"):Button2Up(Vector2.new(0,0),workspace.CurrentCamera.CFrame)
end)

spawn(function()
	wait(5)
	_G.Check = true
end)

_G.set = {
	["Swordcompleat"] = false,
	["Fruitcompleat"] = false,
	["Meleecompleat"] = false
}

getgenv().Load = function()
    print("Loaded!")
	if readfile and writefile and isfile and isfolder then
		if not isfolder("Twst Kaitan Scripts") then
			makefolder("Twst Kaitan Scripts")
		end
		if not isfolder("Twst Kaitan Scripts/Blox Fruits/") then
			makefolder("Twst Kaitan Scripts/Blox Fruits/")
		end
		if not isfile("Twst Kaitan Scripts/Blox Fruits/US_" .. game.Players.LocalPlayer.Name .. ".json") then
			writefile("Twst Kaitan Scripts/Blox Fruits/US_" .. game.Players.LocalPlayer.Name .. ".json", game:GetService("HttpService"):JSONEncode(_G.set))
		else
			local Decode = game:GetService("HttpService"):JSONDecode(readfile("Twst Kaitan Scripts/Blox Fruits/US_" .. game.Players.LocalPlayer.Name .. ".json"))
			for i,v in pairs(Decode) do
				_G.set[i] = v
			end
		end
	else
		return warn("Status : Undetected Executor")
	end
end

getgenv().SaveSetting = function()
    print("Save!")
	if readfile and writefile and isfile and isfolder then
		if not isfile("Twst Kaitan Scripts/Blox Fruits/US_" .. game.Players.LocalPlayer.Name .. ".json") then
			getgenv().Load()
		else
			local Decode = game:GetService("HttpService"):JSONDecode(readfile("Twst Kaitan Scripts/Blox Fruits/US_" .. game.Players.LocalPlayer.Name .. ".json"))
			local Array = {}
			for i,v in pairs(_G.set) do
				Array[i] = v
			end
			writefile("Twst Kaitan Scripts/Blox Fruits/US_" .. game.Players.LocalPlayer.Name .. ".json", game:GetService("HttpService"):JSONEncode(Array))
		end
	else
		return warn("Status : Undetected Executor")
	end
end

getgenv().Load()

spawn(function()
    while true do wait()
        getgenv().rejoin = game:GetService("CoreGui").RobloxPromptGui.promptOverlay.ChildAdded:Connect(function(Kick)
            if not _G.TP_Ser and _G.Main["Rejoin"] then
                if Kick.Name == 'ErrorPrompt' and Kick:FindFirstChild('MessageArea') and Kick.MessageArea:FindFirstChild("ErrorFrame") then
					wait(5)
                    local ts = game:GetService("TeleportService")
                    local p = game:GetService("Players").LocalPlayer
                    ts:Teleport(game.PlaceId)
                    wait(50)
                end
            end
        end)
    end
end)

if not LPH_OBFUSCATED then
    LPH_JIT_MAX = (function(...) return ... end)
    LPH_NO_VIRTUALIZE = (function(...) return ... end)
    LPH_NO_UPVALUES = (function(...) return ... end)
end
	LPH_JIT_MAX(function()
		task.spawn(function() -- Bring Mob Function
			while wait() do
				if StartSoulGuitarMagnt then 
					pcall(function() 
						for i,v in pairs(game.Workspace.Enemies:GetChildren()) do
							if v.Name == "Living Zombie [Lv. 2000]" then 
								v.HumanoidRootPart.CFrame = CFrame.new(-10138.3974609375, 138.6524658203125, 5902.89208984375)
								v.Head.CanCollide = false
								v.Humanoid.Sit = false
								v.HumanoidRootPart.CanCollide = false
								v.Humanoid.JumpPower = 0
								v.Humanoid.WalkSpeed = 0
								if v.Humanoid:FindFirstChild('Animator') then
									v.Humanoid:FindFirstChild('Animator'):Destroy() 
								end
								sethiddenproperty(game.Players.LocalPlayer, "SimulationRadius", math.huge)
							end
						end    
					end)
				end
			end
		end)
	end)()


local function GetIsLand(...)
    local RealtargetPos = {...}
    local targetPos = RealtargetPos[1]
    local RealTarget
    if type(targetPos) == "vector" then
        RealTarget = targetPos
    elseif type(targetPos) == "userdata" then
        RealTarget = targetPos.Position
    elseif type(targetPos) == "number" then
        RealTarget = CFrame.new(unpack(RealtargetPos))
        RealTarget = RealTarget.p
    end

    local ReturnValue
    local CheckInOut = math.huge;
    if game.Players.LocalPlayer.Team then
        for i,v in pairs(game.Workspace._WorldOrigin.PlayerSpawns:FindFirstChild(tostring(game.Players.LocalPlayer.Team)):GetChildren()) do 
            local ReMagnitude = (RealTarget - v:GetModelCFrame().p).Magnitude;
            if ReMagnitude < CheckInOut then
                CheckInOut = ReMagnitude;
                ReturnValue = v.Name
            end
        end
        if ReturnValue then
            return ReturnValue
        end 
    end
end


local function TPs(...)
	local RealtargetPos = {...}
	local targetPos = RealtargetPos[1]
	local RealTarget
	if type(targetPos) == "vector" then
		RealTarget = CFrame.new(targetPos)
	elseif type(targetPos) == "userdata" then
		RealTarget = targetPos
	elseif type(targetPos) == "number" then
		RealTarget = CFrame.new(unpack(RealtargetPos))
	end

	if game.Players.LocalPlayer.Character:WaitForChild("Humanoid").Health == 0 then if tween then tween:Cancel() end repeat wait() until game.Players.LocalPlayer.Character:WaitForChild("Humanoid").Health > 0; wait(0.2) end

	local tweenfunc = {}
	local Distance = (RealTarget.Position - game:GetService("Players").LocalPlayer.Character:WaitForChild("HumanoidRootPart").Position).Magnitude
	if Distance <= 500 then
		Speed = 300
	else
		Speed = 350
	end
	local tween_s = game:service"TweenService"
	local info = TweenInfo.new((RealTarget.Position - game:GetService("Players").LocalPlayer.Character:WaitForChild("HumanoidRootPart").Position).Magnitude/Speed, Enum.EasingStyle.Linear)
	local tweenw, err = pcall(function()
		tween = tween_s:Create(game.Players.LocalPlayer.Character["HumanoidRootPart"], info, {CFrame = RealTarget})
		tween:Play()
	end)

	function tweenfunc:Stop()
		tween:Cancel()
	end 

	function tweenfunc:Wait()
		tween.Completed:Wait()
	end 

	return tweenfunc
end

function TP(...)
    local RealtargetPos = {...}
    local targetPos = RealtargetPos[1]
    local RealTarget
    if type(targetPos) == "vector" then
        RealTarget = CFrame.new(targetPos)
    elseif type(targetPos) == "userdata" then
        RealTarget = targetPos
    elseif type(targetPos) == "number" then
        RealTarget = CFrame.new(unpack(RealtargetPos))
    end

    if game.Players.LocalPlayer.Character:WaitForChild("Humanoid").Health == 0 then if tween then tween:Cancel() end repeat wait() until game.Players.LocalPlayer.Character:WaitForChild("Humanoid").Health > 0; wait(0.2) end

    local tweenfunc = {}
    local Distance = (RealTarget.Position - game:GetService("Players").LocalPlayer.Character:WaitForChild("HumanoidRootPart").Position).Magnitude
	if Distance < 50 then
		Speed = 1000
	elseif Distance < 100 then
		Speed = 800
	elseif Distance < 250 then
		Speed = 700
	elseif Distance < 300 then
		Speed = 500
	elseif Distance < 1000 then
		Speed = 375
	elseif Distance >= 1000 then
		Speed = 350
	end
    
    if Distance > 3000 and not AutoRaids and not Auto_Quest_Yama_2 and not Auto_Quest_Tushita_1 and not Auto_Quest_Tushita_3 and not havse and not Che and not RaidSumfruit and not QuestGod and not hfi and not gotp3 and not (game.Players.LocalPlayer.Backpack:FindFirstChild("Special Microchip") or game.Players.LocalPlayer.Character:FindFirstChild("Special Microchip") or game.Players.LocalPlayer.Backpack:FindFirstChild("God's Chalice") or game.Players.LocalPlayer.Character:FindFirstChild("God's Chalice") or game.Players.LocalPlayer.Backpack:FindFirstChild("Hallow Essence") or game.Players.LocalPlayer.Character:FindFirstChild("Hallow Essence") or game.Players.LocalPlayer.Character:FindFirstChild("Sweet Chalice") or game.Players.LocalPlayer.Backpack:FindFirstChild("Sweet Chalice") or game.Workspace:FindFirstChild("Enemies"):FindFirstChild("Dough King [Lv. 2300] [Raid Boss]") or game:GetService("ReplicatedStorage"):FindFirstChild("Dough King [Lv. 2300] [Raid Boss]") or game.Players.LocalPlayer.Backpack:FindFirstChild("Holy Torch") or game.Players.LocalPlayer.Character:FindFirstChild("Holy Torch") or game.Players.LocalPlayer.Character:FindFirstChild("Red Key") or game.Players.LocalPlayer.Backpack:FindFirstChild("Red Key")) and not (Ms == "Fishman Commando [Lv. 400]" or Ms == "Fishman Warrior [Lv. 375]") then
		pcall(function()
			tween:Cancel()
			fkwarp = false
			if game:GetService("Players").LocalPlayer.Character:WaitForChild("Humanoid").Health > 0 then
				if fkwarp == false then
					game.Players.LocalPlayer.Character.HumanoidRootPart.CFrame = RealTarget
				end
				fkwarp = true
			end
			wait(0.01999999)
			game:GetService("Players").LocalPlayer.Character:WaitForChild("Humanoid"):ChangeState(15)
			wait(0.001)
			repeat wait() until game:GetService("Players").LocalPlayer.Character:WaitForChild("Humanoid").Health > 0
			wait(0.000001)
			return
		end)
    end

    local tween_s = game:service"TweenService"
    local info = TweenInfo.new((RealTarget.Position - game:GetService("Players").LocalPlayer.Character:WaitForChild("HumanoidRootPart").Position).Magnitude/Speed, Enum.EasingStyle.Linear)
    local tweenw, err = pcall(function()
        tween = tween_s:Create(game.Players.LocalPlayer.Character["HumanoidRootPart"], info, {CFrame = RealTarget})
        tween:Play()
    end)

    function tweenfunc:Stop()
        tween:Cancel()
    end 

    function tweenfunc:Wait()
        tween.Completed:Wait()
    end 

	if _G.Stop_Tween then
		tween:Cancel()
	end

    return tweenfunc
end

function TPB(Name,CFgo)
	local tween_s = game:service"TweenService"
	local info = TweenInfo.new((game:GetService("Workspace").Boats:FindFirstChild(Name).VehicleSeat.CFrame.Position - CFgo.Position).Magnitude/300, Enum.EasingStyle.Linear)
	tween = tween_s:Create(game:GetService("Workspace").Boats:FindFirstChild(Name).VehicleSeat, info, {CFrame = CFgo})
	tween:Play()

	local tweenfunc = {}

	function tweenfunc:Stop()
		tween:Cancel()
	end

	return tweenfunc
end

function TPF(Name)
	local CF = {}
	for i,v in pairs(game:GetService("Workspace")["_WorldOrigin"].EnemySpawns:GetChildren())do
		if v.Name == Name then
			table.insert(CF,v.CFrame)
			print(v.CFrame)
			local Distance = (v.CFrame.Position - game:GetService("Players").LocalPlayer.Character:WaitForChild("HumanoidRootPart").Position).Magnitude
			--pcall(function()
				repeat wait()
					TP(v.CFrame * CFrame.new(0,30,0))
				until (v.CFrame.Position - game:GetService("Players").LocalPlayer.Character:WaitForChild("HumanoidRootPart").Position).Magnitude < 5 or game:GetService("Workspace").Enemies:FindFirstChild(Ms)
			--end)
		end
	end 
	return CF
end

function TPP(CFgo)
	if game.Players.LocalPlayer.Character:WaitForChild("Humanoid").Health <= 0 or not game:GetService("Players").LocalPlayer.Character:WaitForChild("Humanoid") then tween:Cancel() repeat wait() until game:GetService("Players").LocalPlayer.Character:WaitForChild("Humanoid") and game:GetService("Players").LocalPlayer.Character:WaitForChild("Humanoid").Health > 0 wait(7) return end
	local tween_s = game:service"TweenService"
	local info = TweenInfo.new((game:GetService("Players")["LocalPlayer"].Character.HumanoidRootPart.Position - CFgo.Position).Magnitude/375, Enum.EasingStyle.Linear)
	tween = tween_s:Create(game.Players.LocalPlayer.Character["HumanoidRootPart"], info, {CFrame = CFgo})
	tween:Play()

	local tweenfunc = {}

	function tweenfunc:Stop()
		tween:Cancel()
	end

	return tweenfunc
end

function Com(com,...)
	local Remote = game:GetService('ReplicatedStorage').Remotes:FindFirstChild("Comm"..com)
	if Remote:IsA("RemoteEvent") then
		Remote:FireServer(...)
	elseif Remote:IsA("RemoteFunction") then
		Remote:InvokeServer(...)
	end
end

function CheckMasteryWeapon(NameWe,MasNum)
	if game.Players.LocalPlayer.Backpack:FindFirstChild(NameWe) then
		if tonumber(game.Players.LocalPlayer.Backpack:FindFirstChild(NameWe).Level.Value) < tonumber(MasNum) then
			return "true DownTo"
		elseif tonumber(game.Players.LocalPlayer.Backpack:FindFirstChild(NameWe).Level.Value) >= tonumber(MasNum) then
			return "true UpTo"
		end
	end
	if game.Players.LocalPlayer.Character:FindFirstChild(NameWe) then
		if tonumber(game.Players.LocalPlayer.Character:FindFirstChild(NameWe).Level.Value) < tonumber(MasNum) then
			return "true DownTo"
		elseif tonumber(game.Players.LocalPlayer.Character:FindFirstChild(NameWe).Level.Value) >= tonumber(MasNum) then
			return "true UpTo"
		end
	end
	return "else"
end

local function CheckSeabeast()
    for i,v in pairs(game.Workspace.SeaBeasts:GetChildren()) do
        if v:FindFirstChild("HumanoidRootPart") then
            return v
        end
    end
    return false
end

local function myboat(NameBoat)
    for i,v in pairs(game:GetService("Workspace").Boats:GetChildren()) do 
        if #game:GetService("Workspace").Boats:GetChildren() > 0 then
            if v:FindFirstChild("Owner") then
                if tostring(v.Owner.Value) == game.Players.LocalPlayer.Name then
                    return v.Plank.CFrame * CFrame.new(0.1,-0.5,0)
                end
            end
        end
    end
    return false
end

ExpensiveFruit = {}
Have1m = false
task.spawn(function()
	pcall(function()
		while wait() do
			for i,v in pairs(game:GetService("ReplicatedStorage").Remotes.CommF_:InvokeServer("getInventoryFruits")) do
				if v.Price >= 1000000 and not table.find(ExpensiveFruit, v) then
					table.insert(ExpensiveFruit, v)
					Have1m = true
				end
			end
			table.sort(ExpensiveFruit, function(a, b)
				return a.Price < b.Price
			end)
		end
	end)
end)

task.spawn(function()
	while true do task.wait(5)
		table.clear(ExpensiveFruit)
	end
end)

function GetDistance(P)
	local Distance = (P.Position - game.Players.LocalPlayer.Character.HumanoidRootPart.Position).Magnitude
	return Distance
end

function Dis(P)
	local Distance = (P.Position - game.Players.LocalPlayer.Character.HumanoidRootPart.Position).Magnitude
	return Distance
end

FruitCanAwaketable = {}
for i,v in pairs(game:GetService("ReplicatedStorage").Remotes.CommF_:InvokeServer("GetFruits")) do
	if v.Data["Awakening"] and not table.find(FruitCanAwaketable, v) then
		table.insert(FruitCanAwaketable, v)
	end
end
table.sort(FruitCanAwaketable, function(a, b)
	return a.Price > b.Price
end)
FruitCanAwake = {}
for i,v in pairs(FruitCanAwaketable) do
    if not table.find(FruitCanAwake, v.Name) then
        table.insert(FruitCanAwake, v.Name)
    end
end

function UseLessFruit()
	uselessfruit = {}
	for i,v in pairs(game:GetService("ReplicatedStorage").Remotes.CommF_:InvokeServer("getInventoryFruits")) do
		if v.Price < _G.Main["Lock Fruit"] then
			table.insert(uselessfruit, v.Name)
		end
	end
	return uselessfruit
end

Old_World = false
New_World = false
Three_World = false
local placeId = game.PlaceId
if placeId == 2753915549 then
    Old_World = true
elseif placeId == 4442272183 then
    New_World = true
elseif placeId == 7449423635 then
	Three_World = true
end

function GetMaterial(matname)
	for i,v in pairs(game:GetService("ReplicatedStorage").Remotes.CommF_:InvokeServer("getInventory")) do
		if type(v) == "table" then
			if v.Type == "Material" then
				if v.Name == matname then
					return v.Count
				end
			end
		end
	end
	return 0
end

local function CheckMaterial(v1)
	if Old_World then 
		if (v1=="Magma Ore") then 
			MaterialMob={"Military Soldier [Lv. 300]","Military Spy [Lv. 325]"};
			CFrameMon=CFrame.new( -5815,84,8820);
		elseif ((v1=="Leather") or (v1=="Scrap Metal")) then 
			MaterialMob={"Brute [Lv. 45]"};
			CFrameMon=CFrame.new( -1145,15,4350);
		elseif (v1=="Angel Wings") then 
			MaterialMob={"God's Guard [Lv. 450]"};
			CFrameMon=CFrame.new( -4698,845, -1912);
		elseif (v1=="Fish Tail") then 
			MaterialMob={"Fishman Warrior [Lv. 375]","Fishman Commando [Lv. 400]"};
			CFrameMon=CFrame.new(61346.1640625, 51.34999084472656, 1467.873291015625);
		end 
	end 
	if New_World then 
		if (v1=="Magma Ore") then 
			MaterialMob={"Magma Ninja [Lv. 1175]"};
			CFrameMon=CFrame.new( -5428,78, -5959);
		elseif (v1=="Scrap Metal") then
			MaterialMob={"Swan Pirate [Lv. 775]"};
			CFrameMon=CFrame.new(878,122,1235);
		elseif (v1=="Radioactive Material") then 
			MaterialMob={"Factory Staff [Lv. 800]"};
			CFrameMon=CFrame.new(295,73, -56);
		elseif (v1=="Vampire Fang") then 
			MaterialMob={"Vampire [Lv. 975]"};
			CFrameMon=CFrame.new( -6033,7, -1317);
		elseif (v1=="Mystic Droplet") then 
			MaterialMob={"Water Fighter [Lv. 1450]","Sea Soldier [Lv. 1425]"};
			CFrameMon=CFrame.new( -3385,239, -10542);
		end 
	end 
	if Three_World then 
		if (v1=="Mini Tusk") then 
			MaterialMob={"Mythological Pirate [Lv. 1850]"};
			CFrameMon=CFrame.new( -13545,470, -6917);
		elseif (v1=="Fish Tail") then 
			MaterialMob={"Fishman Raider [Lv. 1775]","Fishman Captain [Lv. 1800]"};
			CFrameMon=CFrame.new( -10993,332, -8940);
		elseif (v1=="Scrap Metal") then 
			MaterialMob={"Jungle Pirate [Lv. 1900]"};
			CFrameMon=CFrame.new( -12107,332, -10549);
		elseif (v1=="Dragon Scale") then 
			MaterialMob={"Dragon Crew Archer [Lv. 1600]","Dragon Crew Warrior [Lv. 1575]"};
			CFrameMon=CFrame.new(6594,383,139);
		elseif (v1=="Conjured Cocoa") then 
			MaterialMob={"Cocoa Warrior [Lv. 2300]","Chocolate Bar Battler [Lv. 2325]","Sweet Thief [Lv. 2350]","Candy Rebel [Lv. 2375]"};
			CFrameMon=CFrame.new(620.6344604492188,78.93644714355469, -12581.369140625);
		elseif (v1=="Demonic Wisp") then MaterialMob={"Demonic Soul [Lv. 2025]"};
			CFrameMon=CFrame.new( -9507,172,6158);
		elseif (v1=="Gunpowder") then MaterialMob={"Pistol Billionaire [Lv. 1525]"};
			CFrameMon=CFrame.new( -469,74,5904);
		end 
	end 
end

function CheckLevel()
	local Lv = game:GetService("Players").LocalPlayer.Data.Level.Value
	if Old_World and not Auto_Raid then
		if Lv >= 1 and Lv <= 9 or SelectMonster == "Bandit [Lv. 5]" then -- Bandit
			Ms = "Bandit [Lv. 5]"
			NameQuest = "BanditQuest1"
			QuestLv = 1
			NameMon = "Bandit"
			CFrameQ = CFrame.new(1059.37195, 15.4495068, 1550.4231, 0.939700544, -0, -0.341998369, 0, 1, -0, 0.341998369, 0, 0.939700544)
			CFrameMon = CFrame.new(1353.44885, 3.40935516, 1376.92029, 0.776053488, -6.97791975e-08, 0.630666852, 6.99138596e-08, 1, 2.4612488e-08, -0.630666852, 2.49917598e-08, 0.776053488)
		elseif Lv >= 10 and Lv <= 14 or SelectMonster == "Monkey [Lv. 14]" then -- Monkey
			 
			Ms = "Monkey [Lv. 14]"
			NameQuest = "JungleQuest"
			QuestLv = 1
			NameMon = "Monkey"
			CFrameQ = CFrame.new(-1598.08911, 35.5501175, 153.377838, 0, 0, 1, 0, 1, -0, -1, 0, 0)
			CFrameMon = CFrame.new(-1402.74609, 98.5633316, 90.6417007, 0.836947978, 0, 0.547282517, -0, 1, -0, -0.547282517, 0, 0.836947978)
			
		elseif Lv >= 15 and Lv <= 19 or SelectMonster == "Gorilla [Lv. 20]" then -- Gorilla
			Ms = "Gorilla [Lv. 20]"
			NameQuest = "JungleQuest"
			QuestLv = 2
			NameMon = "Gorilla"
			CFrameQ = CFrame.new(-1598.08911, 35.5501175, 153.377838, 0, 0, 1, 0, 1, -0, -1, 0, 0)
			CFrameMon = CFrame.new(-1267.89001, 66.2034225, -531.818115, -0.813996196, -5.25169774e-08, -0.580869019, -5.58769671e-08, 1, -1.21082593e-08, 0.580869019, 2.26011476e-08, -0.813996196)
			SelectMonster = "Monkey [Lv. 14]"
		elseif Lv >= 300 and Lv <= 324 or SelectMonster == "Military Soldier [Lv. 300]" then -- Military Soldier
			 
			Ms = "Military Soldier [Lv. 300]"
			NameQuest = "MagmaQuest"
			QuestLv = 1
			NameMon = "Military Soldier"
			CFrameQ = CFrame.new(-5316.55859, 12.2370615, 8517.2998, 0.588437557, -1.37880001e-08, -0.808542669, -2.10116209e-08, 1, -3.23446478e-08, 0.808542669, 3.60215964e-08, 0.588437557)
			CFrameMon = CFrame.new(-5363.01123, 41.5056877, 8548.47266, -0.578253984, -3.29503091e-10, 0.815856814, 9.11209668e-08, 1, 6.498761e-08, -0.815856814, 1.11920997e-07, -0.578253984)
			
		elseif Lv >= 325 and Lv <= 374 or SelectMonster == "Military Spy [Lv. 325]" then -- Military Spy
			 
			Ms = "Military Spy [Lv. 325]"
			NameQuest = "MagmaQuest"
			QuestLv = 2
			NameMon = "Military Spy"
			CFrameQ = CFrame.new(-5316.55859, 12.2370615, 8517.2998, 0.588437557, -1.37880001e-08, -0.808542669, -2.10116209e-08, 1, -3.23446478e-08, 0.808542669, 3.60215964e-08, 0.588437557)
			CFrameMon = CFrame.new(-5787.99023, 120.864456, 8762.25293, -0.188358366, -1.84706277e-08, 0.982100308, -1.23782129e-07, 1, -4.93306951e-09, -0.982100308, -1.22495649e-07, -0.188358366)
			SelectMonster = "Military Soldier [Lv. 300]"
		elseif Lv >= 375 and Lv <= 399 or SelectMonster == "Fishman Warrior [Lv. 375]" then -- Fishman Warrior	 
			Ms = "Fishman Warrior [Lv. 375]"
			NameQuest = "FishmanQuest"
			QuestLv = 1
			NameMon = "Fishman Warrior"
			CFrameQ = CFrame.new(61122.5625, 18.4716396, 1568.16504, 0.893533468, 3.95251609e-09, 0.448996574, -2.34327455e-08, 1, 3.78297464e-08, -0.448996574, -4.43233645e-08, 0.893533468)
			CFrameMon = CFrame.new(60946.6094, 48.6735229, 1525.91687, -0.0817126185, 8.90751153e-08, 0.996655822, 2.00889794e-08, 1, -8.77269599e-08, -0.996655822, 1.28533992e-08, -0.0817126185)
			if _G.Main["Start"] and (CFrameMon.Position - game.Players.LocalPlayer.Character.HumanoidRootPart.Position).Magnitude > 3000 then
				_G.Stop_Tween = true
				TP(CFrameQ)
				wait(.5)
				game:GetService("ReplicatedStorage").Remotes.CommF_:InvokeServer("requestEntrance",Vector3.new(61163.8515625, 11.6796875, 1819.7841796875))
				wait(.5)
				_G.Stop_Tween = nil
			end
		elseif Lv >= 400 and Lv <= 449 or SelectMonster == "Fishman Commando [Lv. 400]" then -- Fishman Commando
			 
			Ms = "Fishman Commando [Lv. 400]"
			NameQuest = "FishmanQuest"
			QuestLv = 2
			NameMon = "Fishman Commando"
			CFrameQ = CFrame.new(61122.5625, 18.4716396, 1568.16504)
			CFrameMon = CFrame.new(61877.8516, 75.4723358, 1400.76831, -0.828722656, -2.44484943e-09, -0.559659481, -6.34942552e-08, 1, 8.96514436e-08, 0.559659481, 1.09831348e-07, -0.828722656)
			if _G.Main["Start"] and (CFrameMon.Position - game.Players.LocalPlayer.Character.HumanoidRootPart.Position).Magnitude > 3000 then
				_G.Stop_Tween = true
				TP(CFrameQ)
				wait(.5)
				game:GetService("ReplicatedStorage").Remotes.CommF_:InvokeServer("requestEntrance",Vector3.new(61163.8515625, 11.6796875, 1819.7841796875))
				wait(.5)
				_G.Stop_Tween = nil
			end
			SelectMonster = "Fishman Warrior [Lv. 375]"
		elseif Lv >= 450 and Lv <= 474 or SelectMonster == "God's Guard [Lv. 450]" then 
			Ms = "God's Guard [Lv. 450]"
			NameQuest = "SkyExp1Quest"
			QuestLv = 1
			NameMon = "God's Guards"
			CFrameQ = CFrame.new(-4721.71436, 845.277161, -1954.20105)
			CFrameMon = CFrame.new(-4716.95703, 853.089722, -1933.925427)
			if _G.Main["Start"] and (CFrameMon.Position - game.Players.LocalPlayer.Character.HumanoidRootPart.Position).Magnitude > 3000 then
				_G.Stop_Tween = true
				TP(CFrameQ)
				wait(.5)
				game:GetService("ReplicatedStorage").Remotes.CommF_:InvokeServer("requestEntrance",Vector3.new(-4607.82275, 872.54248, -1667.55688))
				wait(.5)
				_G.Stop_Tween = nil
			end
		elseif Lv >= 475 and Lv <= 524 or SelectMonster == "Shanda [Lv. 475]" then
			Ms = "Shanda [Lv. 475]"
			NameQuest = "SkyExp1Quest"
			QuestLv = 2
			NameMon = "Shandas"
			CFrameQ = CFrame.new(-7859.09814, 5544.19043, -381.476196, -0.422592998, 0, 0.906319618, 0, 1, 0, -0.906319618, 0, -0.422592998)
			CFrameMon = CFrame.new(-7681.72314453125, 5566.8828125, -497.67218017578125)
			if _G.Main["Start"] and (CFrameMon.Position - game.Players.LocalPlayer.Character.HumanoidRootPart.Position).Magnitude > 3000 then
				_G.Stop_Tween = true
				TP(CFrameQ)
				wait(.5)
				game:GetService("ReplicatedStorage").Remotes.CommF_:InvokeServer("requestEntrance",Vector3.new(-7894.6176757813, 5547.1416015625, -380.29119873047))
				wait(.5)
				_G.Stop_Tween = nil
			end
		elseif Lv >= 525 and Lv <= 549 or SelectMonster == "Royal Squad [Lv. 525]" then -- Royal Squad
			Ms = "Royal Squad [Lv. 525]"
			NameQuest = "SkyExp2Quest"
			QuestLv = 1
			NameMon = "Royal Squad"
			CFrameQ = CFrame.new(-7906.81592, 5634.6626, -1411.99194, 0, 0, -1, 0, 1, 0, 1, 0, 0)
			CFrameMon = CFrame.new(-7648.55517578125, 5606.876953125, -1471.151611328125)
			if _G.Main["Start"] and (CFrameMon.Position - game.Players.LocalPlayer.Character.HumanoidRootPart.Position).Magnitude > 3000 then
				_G.Stop_Tween = true
				TP(CFrameQ)
				wait(.5)
				game:GetService("ReplicatedStorage").Remotes.CommF_:InvokeServer("requestEntrance",Vector3.new(-7894.6176757813, 5547.1416015625, -380.29119873047))
				wait(.5)
				_G.Stop_Tween = nil
			end
			--SelectMonster = "Shanda [Lv. 475]"
		elseif Lv >= 550 and Lv <= 624 or SelectMonster == "Royal Soldier [Lv. 550]" then -- Royal Soldier 
			Ms = "Royal Soldier [Lv. 550]"
			NameQuest = "SkyExp2Quest"
			QuestLv = 2
			NameMon = "Royal Soldier"
			CFrameQ = CFrame.new(-7906.81592, 5634.6626, -1411.99194, 0, 0, -1, 0, 1, 0, 1, 0, 0)
			CFrameMon = CFrame.new(-7837.31152, 5649.65186, -1791.08582, -0.716008604, 0.0104285581, -0.698013008, 5.02521061e-06, 0.99988848, 0.0149335321, 0.69809103, 0.0106890313, -0.715928733)
			if _G.Main["Start"] and (CFrameMon.Position - game.Players.LocalPlayer.Character.HumanoidRootPart.Position).Magnitude > 3000 then
				_G.Stop_Tween = true
				TP(CFrameQ)
				wait(.5)
				game:GetService("ReplicatedStorage").Remotes.CommF_:InvokeServer("requestEntrance",Vector3.new(-7894.6176757813, 5547.1416015625, -380.29119873047))
				wait(.5)
				_G.Stop_Tween = nil
			end
			SelectMonster = "Royal Squad [Lv. 525]"
		elseif Lv >= 625 and Lv <= 649 or SelectMonster == "Galley Pirate [Lv. 625]" then -- Galley Pirate
			Ms = "Galley Pirate [Lv. 625]"
			NameQuest = "FountainQuest"
			QuestLv = 1
			NameMon = "Galley Pirate"
			CFrameQ = CFrame.new(5259.81982, 37.3500175, 4050.0293, 0.087131381, 0, 0.996196866, 0, 1, 0, -0.996196866, 0, 0.087131381)
			CFrameMon = CFrame.new(5569.80518, 38.5269432, 3849.01196, 0.896460414, 3.98027495e-08, 0.443124533, -1.34262139e-08, 1, -6.26611296e-08, -0.443124533, 5.02237434e-08, 0.896460414)
		elseif Lv >= 650 or SelectMonster == "Galley Captain [Lv. 650]" then -- Galley Captain
			Ms = "Galley Captain [Lv. 650]"
			NameQuest = "FountainQuest"
			QuestLv = 2
			NameMon = "Galley Captain"
			CFrameQ = CFrame.new(5259.81982, 37.3500175, 4050.0293, 0.087131381, 0, 0.996196866, 0, 1, 0, -0.996196866, 0, 0.087131381)
			CFrameMon = CFrame.new(5782.90186, 94.5326462, 4716.78174, 0.361808896, -1.24757526e-06, -0.932252586, 2.16989656e-06, 1, -4.96097414e-07, 0.932252586, -1.84339774e-06, 0.361808896)
			SelectMonster = "Galley Pirate [Lv. 625]"
			game:GetService("ReplicatedStorage").Remotes.CommF_:InvokeServer("TravelDressrosa")
		end
	end
	if New_World then
		if Lv == 700 or Lv <= 724 or SelectMonster == "Raider [Lv. 700]" then -- Raider [Lv. 700]
			Ms = "Raider [Lv. 700]"
			NameQuest = "Area1Quest"
			QuestLv = 1
			NameMon = "Raider"
			CFrameQ = CFrame.new(-429.543518, 71.7699966, 1836.18188, -0.22495985, 0, -0.974368095, 0, 1, 0, 0.974368095, 0, -0.22495985)
			CFrameMon = CFrame.new(-737.026123, 10.1748352, 2392.57959, 0.272128761, 0, -0.962260842, -0, 1, -0, 0.962260842, 0, 0.272128761)
		elseif Lv == 725 or Lv <= 774 or SelectMonster == "Mercenary [Lv. 725]" then -- Mercenary [Lv. 725]
			Ms = "Mercenary [Lv. 725]"
			NameQuest = "Area1Quest"
			QuestLv = 2
			NameMon = "Mercenary"
			CFrameQ = CFrame.new(-429.543518, 71.7699966, 1836.18188, -0.22495985, 0, -0.974368095, 0, 1, 0, 0.974368095, 0, -0.22495985)
			CFrameMon = CFrame.new(-1022.21271, 72.9855194, 1891.39148, -0.990782857, 0, -0.135460541, 0, 1, 0, 0.135460541, 0, -0.990782857)
			SelectMonster = "Raider [Lv. 700]"
		elseif Lv == 775 or Lv <= 799 or SelectMonster == "Swan Pirate [Lv. 775]" then -- Swan Pirate [Lv. 775]
			Ms = "Swan Pirate [Lv. 775]"
			NameQuest = "Area2Quest"
			QuestLv = 1
			NameMon = "Swan Pirate"
			CFrameQ = CFrame.new(638.43811, 71.769989, 918.282898, 0.139203906, 0, 0.99026376, 0, 1, 0, -0.99026376, 0, 0.139203906)
			CFrameMon = CFrame.new(976.467651, 111.174057, 1229.1084, 0.00852567982, -4.73897828e-08, -0.999963999, 1.12251888e-08, 1, -4.7295778e-08, 0.999963999, -1.08215579e-08, 0.00852567982)
		elseif Lv == 800 or Lv <= 874 or SelectMonster == "Factory Staff [Lv. 800]" then -- Factory Staff [Lv. 800]
			Ms = "Factory Staff [Lv. 800]"
			NameQuest = "Area2Quest"
			QuestLv = 2
			NameMon = "Factory Staff"
			CFrameQ = CFrame.new(638.43811, 71.769989, 918.282898, 0.139203906, 0, 0.99026376, 0, 1, 0, -0.99026376, 0, 0.139203906)
			CFrameMon = CFrame.new(336.74585, 73.1620483, -224.129272, 0.993632793, 3.40154607e-08, 0.112668738, -3.87658332e-08, 1, 3.99718729e-08, -0.112668738, -4.40850592e-08, 0.993632793)
			SelectMonster = "Swan Pirate [Lv. 775]"
		elseif Lv == 875 or Lv <= 899 or SelectMonster == "Marine Lieutenant [Lv. 875]" then -- Marine Lieutenant [Lv. 875]
			Ms = "Marine Lieutenant [Lv. 875]"
			NameQuest = "MarineQuest3"
			QuestLv = 1
			NameMon = "Marine Lieutenant"
			CFrameQ = CFrame.new(-2440.79639, 71.7140732, -3216.06812, 0.866007268, 0, 0.500031412, 0, 1, 0, -0.500031412, 0, 0.866007268)
			CFrameMon = CFrame.new(-2842.69922, 72.9919434, -2901.90479, -0.762281299, 0, -0.64724648, 0, 1.00000012, 0, 0.64724648, 0, -0.762281299)
		elseif Lv == 900 or Lv <= 949 or SelectMonster == "Marine Captain [Lv. 900]" then -- Marine Captain [Lv. 900]
			Ms = "Marine Captain [Lv. 900]"
			NameQuest = "MarineQuest3"
			QuestLv = 2
			NameMon = "Marine Captain"
			CFrameQ = CFrame.new(-2440.79639, 71.7140732, -3216.06812, 0.866007268, 0, 0.500031412, 0, 1, 0, -0.500031412, 0, 0.866007268)
			CFrameMon = CFrame.new(-1814.70313, 72.9919434, -3208.86621, -0.900422215, 7.93464423e-08, -0.435017526, 3.68856199e-08, 1, 1.06050372e-07, 0.435017526, 7.94441988e-08, -0.900422215)
			SelectMonster = "Marine Lieutenant [Lv. 875]"
		elseif Lv == 950 or Lv <= 974 or SelectMonster == "Zombie [Lv. 950]" then -- Zombie [Lv. 950]
			Ms = "Zombie [Lv. 950]"
			NameQuest = "ZombieQuest"
			QuestLv = 1
			NameMon = "Zombie"
			CFrameQ = CFrame.new(-5497.06152, 47.5923004, -795.237061, -0.29242146, 0, -0.95628953, 0, 1, 0, 0.95628953, 0, -0.29242146)
			CFrameMon = CFrame.new(-5649.23438, 126.0578, -737.773743, 0.355238914, -8.10359282e-08, 0.934775114, 1.65461245e-08, 1, 8.04023372e-08, -0.934775114, -1.3095117e-08, 0.355238914)
		elseif Lv == 975 or Lv <= 999 or SelectMonster == "Vampire [Lv. 975]" then -- Vampire [Lv. 975]
			Ms = "Vampire [Lv. 975]"
			NameQuest = "ZombieQuest"
			QuestLv = 2
			NameMon = "Vampire"
			CFrameQ = CFrame.new(-5497.06152, 47.5923004, -795.237061, -0.29242146, 0, -0.95628953, 0, 1, 0, 0.95628953, 0, -0.29242146)
			CFrameMon = CFrame.new(-6030.32031, 0.4377408, -1313.5564, -0.856965423, 3.9138893e-08, -0.515373945, -1.12178942e-08, 1, 9.45958547e-08, 0.515373945, 8.68467822e-08, -0.856965423)
			SelectMonster = "Zombie [Lv. 950]"
		elseif Lv == 1000 or Lv <= 1049 or SelectMonster == "Snow Trooper [Lv. 1000]" then -- Snow Trooper [Lv. 1000] **
			Ms = "Snow Trooper [Lv. 1000]"
			NameQuest = "SnowMountainQuest"
			QuestLv = 1
			NameMon = "Snow Trooper"
			CFrameQ = CFrame.new(609.858826, 400.119904, -5372.25928, -0.374604106, 0, 0.92718488, 0, 1, 0, -0.92718488, 0, -0.374604106)
			CFrameMon = CFrame.new(621.003418, 391.361053, -5335.43604, 0.481644779, 0, 0.876366913, 0, 1, 0, -0.876366913, 0, 0.481644779)
		elseif Lv == 1050 or Lv <= 1099 or SelectMonster == "Winter Warrior [Lv. 1050]" then -- Winter Warrior [Lv. 1050]
			Ms = "Winter Warrior [Lv. 1050]"
			NameQuest = "SnowMountainQuest"
			QuestLv = 2
			NameMon = "Winter Warrior"
			CFrameQ = CFrame.new(609.858826, 400.119904, -5372.25928, -0.374604106, 0, 0.92718488, 0, 1, 0, -0.92718488, 0, -0.374604106)
			CFrameMon = CFrame.new(1295.62683, 429.447784, -5087.04492, -0.698032081, -8.28980049e-08, -0.71606636, -1.98835952e-08, 1, -9.63858184e-08, 0.71606636, -5.30424877e-08, -0.698032081)
			SelectMonster = "Snow Trooper [Lv. 1000]"
		elseif Lv == 1100 or Lv <= 1124 or SelectMonster == "Lab Subordinate [Lv. 1100]" then -- Lab Subordinate [Lv. 1100]
			Ms = "Lab Subordinate [Lv. 1100]"
			NameQuest = "IceSideQuest"
			QuestLv = 1
			NameMon = "Lab Subordinate"
			CFrameQ = CFrame.new(-6064.06885, 15.2422857, -4902.97852, 0.453972578, -0, -0.891015649, 0, 1, -0, 0.891015649, 0, 0.453972578)
			CFrameMon = CFrame.new(-5769.2041, 37.9288292, -4468.38721, -0.569419742, -2.49055017e-08, 0.822046936, -6.96206541e-08, 1, -1.79282633e-08, -0.822046936, -6.74401548e-08, -0.569419742)
		elseif Lv == 1125 or Lv <= 1174 or SelectMonster == "Horned Warrior [Lv. 1125]" then -- Horned Warrior [Lv. 1125]
			Ms = "Horned Warrior [Lv. 1125]"
			NameQuest = "IceSideQuest"
			QuestLv = 2
			NameMon = "Horned Warrior"
			CFrameQ = CFrame.new(-6064.06885, 15.2422857, -4902.97852, 0.453972578, -0, -0.891015649, 0, 1, -0, 0.891015649, 0, 0.453972578)
			CFrameMon = CFrame.new(-6401.27979, 15.9775667, -5948.24316, 0.388303697, 0, -0.921531856, 0, 1, 0, 0.921531856, 0, 0.388303697)
			SelectMonster = "Lab Subordinate [Lv. 1100]"
		elseif Lv == 1175 or Lv <= 1199 or SelectMonster == "Magma Ninja [Lv. 1175]" then -- Magma Ninja [Lv. 1175]
			Ms = "Magma Ninja [Lv. 1175]"
			NameQuest = "FireSideQuest"
			QuestLv = 1
			NameMon = "Magma Ninja"
			CFrameQ = CFrame.new(-5428.03174, 15.0622921, -5299.43457, -0.882952213, 0, 0.469463557, 0, 1, 0, -0.469463557, 0, -0.882952213)
			CFrameMon = CFrame.new(-5439.61084, 78.4169006, -5958.6543, -0.926726341, -6.08364858e-10, -0.375737041, -3.3772396e-10, 1, -7.86154031e-10, 0.375737041, -6.01654226e-10, -0.926726341)
		elseif Lv == 1200 or Lv <= 1249 or SelectMonster == "Lava Pirate [Lv. 1200]" then 
			Ms = "Lava Pirate [Lv. 1200]"
			NameQuest = "FireSideQuest"
			QuestLv = 2
			NameMon = "Lava Pirate"
			CFrameQ = CFrame.new(-5431.09473, 15.9868021, -5296.53223, 0.831796765, 1.15322464e-07, -0.555080295, -1.10814341e-07, 1, 4.17010995e-08, 0.555080295, 2.68240168e-08, 0.831796765)
			CFrameMon = CFrame.new(-5169.71729, 34.1234779, -4669.73633, -0.196780294, 0, 0.98044765, 0, 1.00000012, -0, -0.98044765, 0, -0.196780294)
			SelectMonster = "Magma Ninja [Lv. 1175]"
		elseif Lv == 1250 or Lv <= 1274 or SelectMonster == "Ship Deckhand [Lv. 1250]" then 
			Ms = "Ship Deckhand [Lv. 1250]"
			NameQuest = "ShipQuest1"
			QuestLv = 1
			NameMon = "Ship Deckhand"
			CFrameQ = CFrame.new(1037.80127, 125.092171, 32911.6016, -0.244533166, -0, -0.969640911, -0, 1.00000012, -0, 0.96964103, 0, -0.244533136)
			CFrameMon = CFrame.new(1163.80872, 138.288452, 33058.4258, -0.998580813, 5.49076979e-08, -0.0532564968, 5.57436763e-08, 1, -1.42118655e-08, 0.0532564968, -1.71604082e-08, -0.998580813)
			if Auto_Farm and (CFrameMon.Position - game.Players.LocalPlayer.Character.HumanoidRootPart.Position).Magnitude > 20000 then
				game:GetService("ReplicatedStorage").Remotes.CommF_:InvokeServer("requestEntrance",Vector3.new(923.21252441406, 126.9760055542, 32852.83203125))
			end
		elseif Lv == 1275 or Lv <= 1299 or SelectMonster == "Ship Engineer [Lv. 1275]" then 
			Ms = "Ship Engineer [Lv. 1275]"
			NameQuest = "ShipQuest1"
